time x_vel_bar y_vel_bar z_vel_bar 
0.0 0.0 0.0 0.0 
0.12503836799999998 0.0 0.0 0.0 
0.25007673599999997 0.0 0.0 0.0 
0.3751151039999999 0.0 0.0 0.0 
0.5001534719999999 0.0 0.0 0.0 
0.6251918399999998 0.0 0.0 0.0 
0.7502302079999998 0.0 0.0 0.0 
0.8752685759999997 0.0 0.0 0.0 
1.0003069439999999 0.0 0.0 0.0 
1.1253453119999997 0.0 0.0 0.0 
1.2503836799999997 0.0 0.0 0.0 
1.3754257919999997 0.0 0.0 0.0 
1.5004641599999997 0.0 0.0 0.0 
1.6255025279999997 0.0 0.0 0.0 
1.7505408959999997 0.0 0.0 0.0 
1.8755792639999995 0.0 0.0 0.0 
2.0006176319999995 0.0 0.0 0.0 
2.1256559999999993 0.0 0.0 0.0 
2.2506943679999996 0.0 0.0 0.0 
2.3757327359999993 0.0 0.0 0.0 
2.5007711039999996 0.0 0.0 0.0 
2.6258094719999994 0.0 0.0 0.0 
2.7508478399999996 0.0 0.0 0.0 
2.8758862079999994 0.0 0.0 0.0 
3.0009245759999996 0.0 0.0 0.0 
3.1259629439999994 0.0 0.0 0.0 
3.251001311999999 0.0 0.0 0.0 
3.3760396799999994 0.0 0.0 0.0 
3.501078047999999 0.0 0.0 0.0 
3.6261164159999995 0.0 0.0 0.0 
3.7511547839999992 0.0 0.0 0.0 
3.876193151999999 0.0 0.0 0.0 
4.001231519999999 0.0 0.0 0.0 
4.126269887999999 0.0 0.0 0.0 
4.251308256 0.0 0.0 0.0 
4.376346623999999 0.0 0.0 0.0 
4.501388735999999 0.0 0.0 0.0 
4.626427103999999 0.0 0.0 0.0 
4.751465471999999 0.0 0.0 0.0 
4.876503839999999 0.0 0.0 0.0 
5.001542207999999 0.0 0.0 0.0 
5.1265805759999985 0.0 0.0 0.0 
5.251618943999999 0.0 0.0 0.0 
5.376657311999999 0.0 0.0 0.0 
5.501695679999999 0.0 0.0 0.0 
5.6267340479999985 0.0 0.0 0.0 
5.751772415999999 0.0 0.0 0.0 
5.876810783999999 0.0 0.0 0.0 
6.001852895999999 0.0 0.0 0.0 
6.126891263999998 0.0 0.0 0.0 
6.251929631999999 0.0 0.0 0.0 
6.376967999999999 0.0 0.0 0.0 
6.502006367999999 0.0 0.0 0.0 
6.627044735999998 0.0 0.0 0.0 
6.752083103999999 0.0 0.0 0.0 
6.877121471999999 0.0 0.0 0.0 
7.002159839999999 0.0 0.0 0.0 
7.1271982079999985 0.0 0.0 0.0 
7.252236575999998 0.0 0.0 0.0 
7.377274943999999 0.0 0.0 0.0 
7.502313311999999 0.0 0.0 0.0 
7.6273516799999985 0.0 0.0 0.0 
7.752390047999998 0.0 0.0 0.0 
7.877428415999998 0.0 0.0 0.0 
8.002466784 0.0 0.0 0.0 
8.127505152 0.0 0.0 0.0 
8.252543519999998 0.0 0.0 0.0 
8.377581887999998 0.0 0.0 0.0 
8.502620255999998 0.0 0.0 0.0 
8.627658623999999 0.0 0.0 0.0 
8.752696991999999 0.0 0.0 0.0 
8.877735359999997 0.0 0.0 0.0 
9.002773727999998 0.0 0.0 0.0 
9.127812096 0.0 0.0 0.0 
9.252850463999998 0.0 0.0 0.0 
9.377888831999998 0.0 0.0 0.0 
9.502927199999998 0.0 0.0 0.0 
9.627965567999999 0.0 0.0 0.0 
9.753003935999999 0.0 0.0 0.0 
9.878042303999997 0.0 0.0 0.0 
10.003080671999998 0.0 0.0 0.0 
10.128119039999998 0.0 0.0 0.0 
10.253157407999998 0.0 0.0 0.0 
10.378192031999998 0.0 0.0 0.0 
10.503230399999998 0.0 0.0 0.0 
10.628268767999998 0.0 0.0 0.0 
10.753307135999998 0.0 0.0 0.0 
10.878345503999999 0.0 0.0 0.0 
11.003383871999997 0.0 0.0 0.0 
11.128422239999999 0.0 0.0 0.0 
11.253460607999997 0.0 0.0 0.0 
11.378498975999998 0.0 0.0 0.0 
11.503537343999998 0.0 0.0 0.0 
11.628575711999998 0.0 0.0 0.0 
11.753614079999998 0.0 0.0 0.0 
11.878652447999999 0.0 0.0 0.0 
12.003690815999997 0.0 0.0 0.0 
12.128729183999997 0.0 0.0 0.0 
12.253767551999998 0.0 0.0 0.0 
12.378805919999998 0.0 0.0 0.0 
12.503844287999998 0.940184 0.892509 -3.333154 
12.628882655999996 1.539228 1.799376 -2.220579 
12.753921023999998 1.636853 2.267456 -0.545491 
12.878959391999999 1.807421 2.04342 1.280639 
13.003997759999997 1.645112 1.191204 2.885159 
13.129036127999997 1.777416 0.605302 -6.430483 
13.254074495999996 2.797601 0.941941 -4.329445 
13.379109119999997 3.27497 1.618791 -1.306388 
13.504147487999997 3.350971 1.326484 2.136924 
13.629185855999996 2.439957 1.029264 4.955287 
13.754224223999998 1.805087 0.216924 -7.587884 
13.879262591999998 3.488915 0.444763 -4.876622 
14.004300959999997 4.133915 0.617791 -1.53038 
14.129339327999997 4.035462 0.612886 2.461288 
14.254377695999999 3.310565 0.371422 5.97798 
14.379416063999997 1.980423 -0.176651 -8.125195 
14.504454431999998 3.520531 -0.461407 -5.178859 
14.629492799999996 4.306562 -0.53123 -1.155707 
14.754531167999998 4.151403 -0.471767 2.682959 
14.879569535999998 2.99333 -0.49857 5.567946 
15.004607903999995 1.772435 -0.636029 -6.308124 
15.129646271999999 2.767314 -1.185874 -4.271267 
15.254684639999999 3.329112 -1.507764 -0.981266 
15.379726751999998 3.285523 -1.468556 2.004148 
15.504765119999998 2.551602 -1.080993 4.79036 
15.629803487999997 0.677467 1.464028 -2.836071 
15.754841855999997 1.085435 2.984457 -1.432423 
15.879880223999997 1.602082 3.228588 -0.55832 
16.004922335999996 1.371967 3.237293 0.650727 
16.129960703999995 0.984148 2.491906 1.967036 
16.254999071999997 1.200803 1.239148 -4.154645 
16.380037439999995 2.180088 1.794401 -3.200144 
16.505075807999997 2.249408 2.540337 -0.655757 
16.630117919999996 2.044953 2.513294 1.028126 
16.755156288 1.980165 1.617466 3.416197 
16.880194655999997 1.388141 0.261024 -5.921438 
17.005233024 2.585907 0.68832 -3.686875 
17.130271391999997 3.091352 0.782361 -0.994775 
17.255313503999997 2.783932 0.811328 2.004961 
17.380351871999995 2.01626 0.779775 3.784494 
17.505390239999997 1.429815 -0.507354 -5.626694 
17.630428607999995 2.571029 -0.547901 -3.707147 
17.755466975999994 3.164231 -0.8657 -1.302464 
17.880509087999997 2.563616 -0.93571 1.524196 
18.005547455999995 2.407082 -0.541209 4.346415 
18.130585823999997 1.167434 -1.204963 -4.202199 
18.255624192 1.914521 -2.107082 -2.736716 
18.380662559999998 2.143751 -2.700835 -0.854964 
18.505704671999997 2.184008 -2.610907 1.082449 
18.63074304 1.562151 -1.865965 2.943631 
18.755781407999997 0.255355 2.278609 -0.837635 
18.880819775999996 0.458763 3.629222 -0.600205 
19.005858143999994 0.381876 4.255738 -0.127634 
19.130900255999997 0.343134 4.266074 0.212841 
19.255938623999995 0.42989 3.084393 0.782981 
19.380976991999994 0.527984 1.54872 -1.794804 
19.506015359999996 0.534136 2.631814 -0.71024 
19.631053727999998 0.827323 3.127497 -0.231906 
19.756095839999997 0.627838 3.027487 0.379153 
19.881134208 0.618288 2.195252 1.198285 
20.006172575999997 0.58126 0.462891 -1.955076 
20.131210943999996 0.583468 0.892718 -0.798373 
20.256249311999998 1.409762 0.806902 -0.518621 
20.381291423999997 1.003966 1.177462 0.630561 
20.506329791999995 0.663134 0.717651 1.356141 
20.631368159999994 0.309796 -0.546616 -1.28832 
20.756406527999996 0.596999 -0.683413 -0.834543 
20.881444895999994 0.704959 -1.222845 -0.207619 
21.006487007999993 1.172153 -0.940697 0.783501 
21.131525375999995 0.532321 -0.796612 1.040948 
21.256563743999997 0.430484 -1.528201 -1.646523 
21.381602111999996 0.723044 -2.513116 -0.944132 
21.506640479999998 0.843586 -2.87574 -0.258735 
21.631682591999997 0.639528 -2.897569 0.407555 
21.756720959999996 0.448564 -2.265477 0.884769 
21.881759327999998 -0.241628 2.311738 0.786041 
22.006797695999996 -0.403981 3.695641 0.551299 
22.131836063999994 -0.726765 3.976376 0.309862 
22.256878175999994 -0.587603 4.122596 -0.387446 
22.381916543999996 -0.313975 3.173924 -0.564225 
22.506954911999994 -0.494081 1.534633 1.561591 
22.631993279999996 -0.707137 2.527124 0.902234 
22.757031647999998 -0.83938 2.935578 0.209913 
22.882073759999997 -1.01206 2.831253 -0.657838 
23.007112127999996 -0.864446 2.040613 -1.463284 
23.132150495999998 -0.669826 0.439755 2.200045 
23.257188863999996 -1.125208 0.802662 1.634196 
23.382227231999995 -1.245181 0.658832 0.366577 
23.507269343999994 -1.221913 1.304206 -0.634249 
23.632307711999996 -0.978737 0.896474 -1.810133 
23.757346079999994 -0.517427 -0.70841 2.059565 
23.882384447999993 -0.893795 -0.714776 1.189394 
24.007422815999995 -0.976199 -1.117491 0.230511 
24.132464927999994 -0.85001 -1.071715 -0.522446 
24.257503295999996 -0.576938 -0.886025 -1.045985 
24.382541663999998 -0.459482 -1.614965 1.457362 
24.507580031999996 -0.447991 -2.448737 0.684149 
24.632618399999995 -1.027602 -2.918431 0.255499 
24.757660511999998 -0.763635 -2.667005 -0.482863 
24.882698879999996 -0.617451 -2.491751 -1.089728 
25.007737247999994 0.977461 0.884579 -3.292336 
25.132775615999993 1.549426 2.039746 -2.159497 
25.257813983999995 1.449753 2.622392 -0.367654 
25.382852351999993 1.744713 2.163323 1.704392 
25.507894463999992 1.721356 0.929901 3.452481 
25.632932831999995 1.754772 0.553814 -6.694153 
25.757971199999997 2.705 0.854334 -4.510806 
25.883009567999995 2.992322 1.875788 -1.196561 
26.008047935999997 3.197364 1.378816 2.708367 
26.133090047999996 1.994447 0.945098 5.474906 
26.258128415999995 1.365671 0.178545 -7.380713 
26.383166783999997 3.286733 0.51703 -4.673349 
26.508205151999995 3.839747 0.799049 -1.282617 
26.633243519999994 3.644262 0.779038 2.942018 
26.758285631999993 2.948045 0.36252 6.644462 
26.883323999999995 1.646591 -0.122384 -8.578798 
27.008362367999993 3.375805 -0.54 -5.238263 
27.133400735999995 4.207934 -0.596894 -0.647817 
27.258439103999997 3.869337 -0.492604 3.412812 
27.383481215999996 2.367447 -0.567088 5.638613 
27.508519583999995 1.759771 -0.596279 -6.529792 
27.633557951999997 2.598425 -1.186061 -4.366919 
27.758596319999995 3.208009 -1.71889 -0.623287 
27.883634687999994 3.08249 -1.570649 2.401171 
28.008676799999996 2.20315 -1.011563 5.215977 
28.133715167999995 0.715297 1.304498 -3.23935 
28.258753535999993 1.137929 3.102783 -1.326842 
28.38379190399999 1.933092 2.989394 -0.517225 
28.508830271999994 1.50026 3.031528 0.746646 
28.633872383999993 0.923757 2.184523 2.297844 
28.758910751999995 1.219309 1.293826 -4.018876 
28.883949119999997 2.351167 1.632843 -3.435052 
29.008987487999995 2.080584 2.625155 -0.347679 
29.134025855999994 1.680212 2.543109 0.935279 
29.259067967999997 1.939 1.302472 3.800829 
29.384106335999995 1.213055 0.146845 -6.403383 
29.509144703999993 2.61909 0.680984 -3.726519 
29.634183071999995 3.074928 0.71757 -0.729749 
29.759221439999994 2.473175 0.757809 2.499561 
29.884263551999993 1.56435 0.802669 3.675642 
30.00930191999999 1.317948 -0.521237 -5.877418 
30.134340287999997 2.582518 -0.392307 -3.71607 
30.259374911999995 3.241729 -0.827535 -1.357535 
30.38441327999999 2.08713 -0.950686 1.554664 
30.509451647999995 2.285884 -0.379734 4.927631 
30.634486271999993 1.162672 -1.202182 -4.177135 
30.759524639999995 1.868746 -2.199782 -2.600141 
30.884563007999994 1.957307 -2.895826 -0.759705 
31.009601375999996 2.001127 -2.765446 1.101857 
31.134635999999993 1.208801 -1.684361 2.782019 
31.25967436799999 0.304255 2.527036 -0.841347 
31.384712735999994 0.572814 3.670754 -0.640448 
31.50974735999999 0.286266 4.061347 -0.0681 
31.634785727999997 0.258968 4.130071 0.198702 
31.759824095999992 0.49178 2.695915 1.003671 
31.88485871999999 0.660655 1.665114 -1.990112 
32.009897087999995 0.381021 2.742331 -0.438286 
32.134935455999994 0.797814 3.136252 -0.109672 
32.25997382399999 0.424633 2.939475 0.317218 
32.385008447999994 0.561098 1.951647 1.305027 
32.51004681599999 0.658141 0.41721 -1.970744 
32.63508518399999 0.296101 0.890959 -0.362667 
32.76011980799999 1.691521 0.571476 -0.536227 
32.88515817599999 0.902066 1.216323 0.721912 
33.010196543999996 0.498763 0.587882 1.290909 
33.135234911999994 0.157216 -0.571944 -0.685638 
33.26026953599999 0.333075 -0.434544 -0.42842 
33.385307903999994 0.375237 -1.255691 -0.066437 
33.51034627199999 1.208438 -0.776783 1.063697 
33.635380895999994 0.283676 -0.679629 0.669578 
33.76041926399999 0.46386 -1.621165 -1.73167 
33.885457632 0.753199 -2.482054 -0.838089 
34.01049599999999 0.817714 -2.638312 -0.151593 
34.13553062399999 0.455602 -2.671474 0.366041 
34.260568991999996 0.27343 -2.033576 0.656996 
34.38560735999999 -0.26955 2.658282 0.709968 
34.51064572799999 -0.450826 3.861741 0.522759 
34.635680351999994 -0.992596 3.555335 0.406857 
34.76071871999999 -0.703447 3.900915 -0.577069 
34.88575708799999 -0.232011 2.892276 -0.450412 
35.01079171199999 -0.59069 1.684186 1.45494 
35.13583007999999 -0.70731 2.555026 0.705236 
35.260868448 -0.785413 2.767498 0.055374 
35.385906815999995 -1.106106 2.629706 -0.884561 
35.51094143999999 -1.027353 1.689491 -1.774833 
35.635979807999995 -0.874905 0.376768 2.260081 
35.76101817599999 -1.350372 0.733181 1.733152 
35.88605279999999 -1.29538 0.290778 0.20809 
36.01109116799999 -1.301345 1.462943 -0.727226 
36.136129536 -1.046751 0.921996 -2.107567 
36.26116790399999 -0.549711 -0.930957 2.014237 
36.38620252799999 -0.86051 -0.508935 0.94277 
36.511240896 -0.814759 -1.079408 0.037315 
36.63627926399999 -0.605808 -1.010612 -0.447709 
36.761313888 -0.308122 -0.86644 -0.596695 
36.886352255999995 -0.522313 -1.845047 1.294073 
37.01139062399999 -0.216518 -2.429626 0.310541 
37.13642899199999 -1.16348 -2.71722 0.074953 
37.26146361599999 -0.6232 -2.239615 -0.476248 
37.38650198399999 -0.55872 -2.530815 -1.040071 
37.51154035199999 0.96575 0.840113 -3.383737 
37.636578719999996 1.55704 2.226437 -2.216293 
37.76161334399999 1.361571 2.959212 -0.263753 
37.886651711999995 1.679428 2.216351 2.163397 
38.011690079999994 1.709445 0.731728 4.148977 
38.13672470399999 1.459015 0.442263 -7.095746 
38.261763071999994 2.495042 0.800909 -4.90328 
38.38680143999999 2.581763 2.034097 -1.109669 
38.51183980799999 2.942029 1.422937 3.286222 
38.63687443199999 1.384357 0.741196 5.881697 
38.7619128 0.684906 0.095654 -7.068008 
38.88695116799999 2.878123 0.568778 -4.639206 
39.01198579199999 3.395958 0.988025 -1.134853 
39.137024159999996 3.101582 0.932985 3.321749 
39.262062527999994 2.307703 0.331795 7.407432 
39.38710089599999 0.901446 -0.059458 -9.072149 
39.512135519999994 3.028287 -0.614752 -5.537377 
39.63717388799999 3.975719 -0.684226 -0.291058 
39.76221225599999 3.410154 -0.509961 4.094425 
39.887250623999996 1.591426 -0.538474 5.473824 
40.01228524799999 1.487358 -0.492008 -6.896256 
40.137323615999996 2.225258 -1.071819 -4.436922 
40.262361983999995 3.039923 -1.948949 -0.376149 
40.38739660799999 2.743737 -1.596672 2.738819 
40.512434975999994 1.662479 -0.823878 5.508902 
40.63747334399999 0.671523 1.050339 -3.616852 
40.76251171199999 1.227636 3.144809 -1.321999 
40.88754633599999 2.258827 2.713991 -0.470836 
41.01258470399999 1.699927 2.837783 0.909799 
41.13762307199999 0.83617 1.805223 2.685427 
41.26265769599999 1.134272 1.233473 -3.97304 
41.38769606399999 2.40532 1.445752 -3.778785 
41.51273443199999 1.86531 2.61161 -0.128317 
41.63777279999999 1.261051 2.426346 0.793342 
41.762807423999995 1.744516 0.95606 4.15278 
41.88784579199999 0.78362 0.053903 -6.822947 
42.01288415999999 2.488428 0.64825 -3.852579 
42.13791878399999 2.9216 0.640644 -0.532556 
42.26295715199999 2.043473 0.668427 2.806002 
42.38799552 1.075007 0.72991 3.397728 
42.51303388799999 0.995728 -0.432177 -6.125352 
42.63806851199999 2.421349 -0.234035 -3.790552 
42.763106879999995 3.181448 -0.784828 -1.451317 
42.88814524799999 1.536205 -0.9062 1.422948 
43.01318361599999 1.950311 -0.233396 5.490404 
43.13821823999999 1.052669 -1.089493 -4.227705 
43.26325660799999 1.782069 -2.216743 -2.578164 
43.38829497599999 1.787409 -3.019119 -0.710165 
43.51332959999999 1.82785 -2.849663 1.145626 
43.63836796799999 0.836002 -1.382337 2.470896 
43.76340633599999 0.356392 2.655631 -0.869422 
43.888444703999994 0.71261 3.577483 -0.697006 
44.01347932799999 0.153193 3.680133 -0.023801 
44.138517695999994 0.180932 3.874009 0.16461 
44.26355606399999 0.53449 2.241699 1.231643 
44.38859068799999 0.762046 1.674204 -2.165329 
44.51362905599999 0.216999 2.711567 -0.220859 
44.63866742399999 0.754166 3.002393 -0.011691 
44.76370579199999 0.230033 2.720057 0.204592 
44.88874041599999 0.489816 1.645001 1.385427 
45.013778783999996 0.687594 0.340383 -1.952583 
45.13881715199999 0.000477 0.835558 -0.000535 
45.26385551999999 1.85855 0.332713 -0.528007 
45.388890143999994 0.765988 1.182501 0.751442 
45.513928511999985 0.342132 0.445928 1.142258 
45.63896687999999 0.026006 -0.562703 -0.122091 
45.76400150399999 0.057889 -0.168191 -0.070087 
45.88903987199999 0.048097 -1.209828 -0.003691 
46.01407823999999 1.166103 -0.593587 1.29449 
46.139116607999995 0.081262 -0.544811 0.232474 
46.26415123199999 0.474211 -1.618227 -1.813169 
46.389189599999995 0.753585 -2.319621 -0.736968 
46.51422796799999 0.756084 -2.275393 -0.06296 
46.63926259199999 0.267856 -2.331939 0.259858 
46.76430095999999 0.131282 -1.732169 0.38517 
46.88933932799999 -0.302935 2.927099 0.656809 
47.01437769599999 -0.537574 3.93911 0.524987 
47.13941231999999 -1.257422 2.993963 0.486643 
47.264450688 -0.859872 3.616113 -0.823942 
47.38948905599999 -0.131681 2.552074 -0.270685 
47.51452367999999 -0.669365 1.74 1.291067 
47.639562047999995 -0.677002 2.442183 0.509424 
47.764600415999986 -0.699601 2.459146 -0.063695 
47.88963878399999 -1.169026 2.354776 -1.073962 
48.01467340799999 -1.163582 1.3296 -1.973566 
48.13971177599999 -1.066891 0.276576 2.143642 
48.26475014399999 -1.519199 0.639713 1.662459 
48.389788511999996 -1.26102 -0.067105 0.046112 
48.51482313599999 -1.316475 1.541792 -0.761002 
48.63986150399999 -1.089157 0.930378 -2.263889 
48.764899871999994 -0.584907 -1.165285 1.897165 
48.88993449599999 -0.775884 -0.271247 0.679774 
49.01497286399999 -0.615998 -0.977445 -0.077356 
49.14001123199999 -0.358037 -0.902914 -0.301189 
49.26504959999999 -0.065002 -0.818731 -0.131043 
49.39008422399999 -0.566889 -1.990777 1.105445 
49.515122592 0.022049 -2.30874 -0.029521 
49.64016095999999 -1.252825 -2.393555 -0.127795 
49.76519558399999 -0.453342 -1.732141 -0.396096 
49.890233951999996 -0.51349 -2.521656 -0.978589 
50.01527231999999 0.903426 0.763661 -3.590007 
50.14031068799999 1.544052 2.329324 -2.355904 
50.265345311999994 1.355021 3.249595 -0.200323 
50.39038367999999 1.573105 2.159203 2.641897 
50.51542204799999 1.560471 0.572223 4.94842 
50.64046041599999 0.879323 0.261695 -7.477909 
50.76549503999999 2.151492 0.751434 -5.439992 
50.89053340799999 2.028539 2.035408 -0.981134 
51.01557177599999 2.553865 1.399398 3.797741 
51.14060639999999 0.632791 0.38099 5.992446 
51.265644767999994 -0.10905 -0.015903 -6.433683 
51.390683135999986 2.293111 0.573826 -4.571677 
51.51572150399999 2.798259 1.145251 -1.013054 
51.64075612799999 2.420702 1.022316 3.474562 
51.76579449599999 1.370662 0.240009 8.025409 
51.89083286399999 -0.247457 0.015132 -9.24133 
52.01586748799999 2.48144 -0.651228 -5.911961 
52.14090585599999 3.592919 -0.770231 -0.043467 
52.26594422399999 2.760826 -0.494335 4.592927 
52.39098259199999 0.788147 -0.375102 4.885539 
52.51601721599999 0.946598 -0.31205 -7.260622 
52.641055583999986 1.679514 -0.839981 -4.307213 
52.76609395199999 2.804586 -2.147836 -0.203111 
52.891128575999986 2.254095 -1.49681 2.908035 
53.01616694399999 0.976069 -0.517027 5.474646 
53.14120531199999 0.530329 0.719883 -3.927499 
53.26624367999999 1.335184 3.103191 -1.385199 
53.39127830399999 2.517644 2.387049 -0.421116 
53.516316671999995 1.945396 2.657146 1.145514 
53.641355039999986 0.691254 1.352571 3.076093 
53.76639340799999 0.96044 1.067317 -3.969485 
53.89142803199999 2.320015 1.235337 -4.21172 
54.016466399999985 1.586291 2.474689 0.020635 
54.14150476799999 0.786687 2.15441 0.563621 
54.26653939199999 1.399001 0.601963 4.379322 
54.39157775999999 0.108945 0.002712 -7.041054 
54.51661612799999 2.207728 0.588006 -4.006238 
54.641654495999994 2.638023 0.544659 -0.389664 
54.76668911999999 1.533984 0.542328 2.85859 
54.89172748799999 0.614133 0.560759 2.909535 
55.01676585599999 0.482011 -0.227991 -6.28516 
55.141800479999986 2.10643 -0.081637 -3.861158 
55.26683884799999 2.989237 -0.73198 -1.563271 
55.39187721599999 0.954843 -0.800557 1.09068 
55.51691558399999 1.409187 -0.110047 5.926023 
55.64195020799999 0.845749 -0.875633 -4.304415 
55.76698857599999 1.657246 -2.153185 -2.633577 
55.89202694399999 1.623829 -3.052899 -0.686149 
56.01706531199999 1.653956 -2.845386 1.197513 
56.142099935999994 0.485157 -1.001805 1.965714 
56.267138303999985 0.409339 2.665599 -0.912923 
56.39217667199999 0.864575 3.342016 -0.758731 
56.51721129599999 -0.025275 3.100855 0.00211 
56.64224966399999 0.089172 3.493477 0.093484 
56.76728803199999 0.543264 1.74044 1.433351 
56.892326399999995 0.824728 1.588309 -2.338219 
57.01736102399999 0.042232 2.545993 -0.038624 
57.14239939199999 0.689603 2.734067 0.063052 
57.26743775999999 0.040186 2.390667 0.041387 
57.39247238399999 0.40555 1.302206 1.428902 
57.51751075199999 0.671207 0.246953 -1.905437 
57.64254911999999 -0.282575 0.735825 0.293423 
57.76758748799999 1.911176 0.10169 -0.510317 
57.89262211199999 0.608515 1.086999 0.715106 
58.01766047999999 0.207765 0.308565 0.927671 
58.14269884799999 -0.078018 -0.532312 0.397554 
58.26773347199999 -0.205414 0.092428 0.236841 
58.392771839999995 -0.257967 -1.094558 -0.002921 
58.517810207999986 1.056756 -0.406083 1.451255 
58.64284857599999 -0.067352 -0.41142 -0.233855 
58.76788319999999 0.464375 -1.527931 -1.906021 
58.892921567999984 0.718469 -2.03796 -0.635703 
59.01795993599999 0.652494 -1.803797 0.003087 
59.142998303999995 0.079272 -1.906797 0.090152 
59.26803292799999 0.020899 -1.403323 0.075194 
59.39307129599999 -0.339746 3.092999 0.611899 
59.518109663999994 -0.669767 3.918054 0.543019 
59.64314428799999 -1.467404 2.298374 0.523118 
59.768182655999986 -1.047912 3.280706 -1.118294 
59.89322102399999 -0.011716 2.151542 -0.025138 
60.01825939199999 -0.715991 1.680233 1.075047 
60.143297759999996 -0.608604 2.183115 0.326246 
60.268339871999984 -0.577992 2.029378 -0.136108 
60.393381983999994 -1.19687 2.025464 -1.198904 
60.518420351999985 -1.264233 0.957192 -2.021477 
60.64346246399999 -1.217517 0.141353 1.861638 
60.768504575999984 -1.617853 0.522961 1.443539 
60.89354294399999 -1.15146 -0.39425 -0.087842 
61.01858505599999 -1.277286 1.549274 -0.737311 
61.14362716799999 -1.119147 0.931859 -2.279294 
61.26866553599999 -0.618297 -1.40532 1.727209 
61.39370764799998 -0.643285 -0.017642 0.434071 
61.51874975999999 -0.396672 -0.823839 -0.110648 
61.643788128 -0.118413 -0.759434 -0.10955 
61.768830239999986 0.152256 -0.745125 0.315541 
61.893872351999995 -0.584544 -2.023305 0.895572 
62.01891071999999 0.266515 -2.082515 -0.333979 
62.14395283199999 -1.280111 -1.969113 -0.320621 
62.268994943999985 -0.26203 -1.17491 -0.252313 
62.39403331199998 -0.477533 -2.471485 -0.908578 
62.51907542399999 0.777431 0.645628 -3.882858 
62.64411753599999 1.482775 2.315517 -2.531683 
62.76915590399999 1.396768 3.46077 -0.156958 
62.89419801599998 1.388569 1.955305 3.082635 
63.01924012799999 1.220925 0.413313 5.782513 
63.14428223999998 0.031803 0.009349 -7.595178 
63.26932435199999 1.644475 0.649952 -6.012015 
63.39435897599999 1.34223 1.849324 -0.747755 
63.51940108799998 2.022889 1.25671 4.118753 
63.64444319999999 -0.181107 -0.121533 5.64996 
63.769485311999986 -0.861823 -0.12786 -5.393466 
63.89452742399999 1.595536 0.510975 -4.268283 
64.01956953599998 2.062086 1.227841 -0.8491 
64.14460415999999 1.660121 0.997959 3.262557 
64.26964627199999 0.165428 0.035527 8.158496 
64.39468838399998 -1.703171 0.097507 -8.593841 
64.519730496 1.751049 -0.594184 -6.152768 
64.64477260799998 3.043819 -0.825176 0.117112 
64.76981471999999 1.958295 -0.422686 4.721816 
64.894849344 0.122733 -0.083967 3.848305 
65.01989145599998 0.151707 -0.050148 -7.394904 
65.14493356799998 1.050643 -0.533331 -3.819791 
65.26997567999999 2.473552 -2.256866 -0.082467 
65.39501779199999 1.639851 -1.254072 2.774065 
65.52005990399998 0.257577 -0.144252 4.976256 
65.64509452799999 0.290689 0.344747 -4.119878 
65.77013663999999 1.426946 2.959745 -1.485399 
65.89517875199998 2.645555 1.985185 -0.372385 
66.020220864 2.194567 2.477514 1.453825 
66.14526297599998 0.471692 0.838312 3.39972 
66.27030508799999 0.711197 0.8061 -3.946379 
66.395339712 2.071739 0.992617 -4.667686 
66.52038182399998 1.229235 2.197519 0.103927 
66.64542393599999 0.276348 1.748108 0.224868 
66.77046604799999 0.940356 0.28514 4.383362 
66.89550815999999 -0.765913 0.010632 -6.868435 
67.02055027199998 1.798063 0.496153 -4.093671 
67.14559238399998 2.232874 0.423675 -0.284379 
67.27062700799999 1.006724 0.390753 2.609082 
67.39566911999998 0.247224 0.317898 2.232788 
67.52071123199998 -0.190181 0.097401 -6.226521 
67.64575334399998 1.671113 0.05079 -3.831995 
67.77079545599999 2.667527 -0.658173 -1.653476 
67.89583756799998 0.397245 -0.647561 0.553681 
68.02087219199998 0.699973 -0.02542 6.090721 
68.14591430399999 0.552159 -0.571645 -4.341745 
68.27095641599998 1.485175 -1.997229 -2.715415 
68.39599852799999 1.441417 -2.971574 -0.665117 
68.52104063999998 1.457231 -2.72943 1.229402 
68.64608275199998 0.206581 -0.608909 1.278296 
68.77111737599999 0.456243 2.556254 -0.959122 
68.89615948799998 1.002127 2.956689 -0.811773 
69.02120159999998 -0.23599 2.340729 0.004723 
69.14624371199999 -0.02313 2.989533 -0.027348 
69.27128582399999 0.510338 1.226684 1.575166 
69.39632793599998 0.840968 1.422326 -2.51078 
69.52136255999999 -0.140643 2.2556 0.116656 
69.64640467199999 0.595887 2.34073 0.111718 
69.77144678399998 -0.142232 1.97821 -0.165778 
69.896488896 0.311844 0.951585 1.425419 
70.02153100799998 0.615304 0.149735 -1.828397 
70.14657311999999 -0.537013 0.602922 0.517055 
70.271607744 1.856234 -0.114662 -0.489338 
70.39664985599998 0.442114 0.944252 0.613097 
70.52169196799998 0.105312 0.189336 0.670901 
70.64673407999999 -0.157932 -0.494693 0.865256 
70.77177619199999 -0.439758 0.329784 0.483934 
70.89681830399998 -0.526967 -0.924426 -0.047189 
71.02185292799999 0.896957 -0.228627 1.515425 
71.14689503999999 -0.164898 -0.29393 -0.691889 
71.27193715199998 0.434309 -1.360568 -2.013049 
71.39697926399998 0.643484 -1.654095 -0.529222 
71.52202137599998 0.508002 -1.251233 0.041805 
71.64706348799999 -0.100747 -1.431399 -0.131182 
71.77209811199998 -0.058642 -1.084627 -0.259914 
71.897140224 -0.373465 3.127657 0.560453 
72.02218233599999 -0.837337 3.775228 0.550817 
72.14722444799999 -1.570701 1.495203 0.499418 
72.27226655999999 -1.244269 2.896456 -1.417842 
72.39730867199998 0.12047 1.696732 0.267662 
72.52235078399998 -0.71686 1.494074 0.823185 
72.64738540799999 -0.498852 1.78899 0.171395 
72.77242752 -0.42327 1.508321 -0.1539 
72.89746963199998 -1.18204 1.65184 -1.23576 
73.022511744 -1.316743 0.565354 -1.905915 
73.14755385599999 -1.29781 -0.020478 1.453457 
73.27259596799998 -1.631898 0.384272 1.119099 
73.397630592 -0.983036 -0.673669 -0.173527 
73.52267270399999 -1.189343 1.490243 -0.664253 
73.64771481599999 -1.137668 0.926244 -2.16316 
73.77275692799999 -0.643774 -1.633661 1.520331 
73.89779904 -0.473414 0.231652 0.233134 
74.02284115199998 -0.17355 -0.634541 -0.072158 
74.14787577599999 0.102695 -0.591658 0.102322 
74.272917888 0.33966 -0.648823 0.722926 
74.39795999999998 -0.566593 -1.922782 0.674231 
74.52300211199999 0.505589 -1.759546 -0.599154 
74.64804422399999 -1.233525 -1.469813 -0.468149 
74.77308633599999 -0.064359 -0.603793 -0.066658 
74.89812095999999 -0.443909 -2.376031 -0.825809 
75.02316307199999 0.568698 0.468253 -4.218063 
75.14820518399999 1.34562 2.158174 -2.6766 
75.27324729599998 1.439737 3.552375 -0.122222 
75.398289408 1.105309 1.590015 3.389673 
75.52333151999999 0.642775 0.211805 6.514183 
75.64836614399998 -1.00552 -0.28961 -7.171521 
75.773408256 0.952488 0.430772 -6.455689 
75.89845036799998 0.568125 1.49076 -0.366294 
76.02349247999999 1.385663 0.97734 4.097906 
76.14853459199999 -0.934767 -0.692872 4.80946 
76.27357670399999 -1.44277 -0.211812 -4.042011 
76.39861132799999 0.898115 0.379498 -3.590387 
76.52365343999999 1.229846 1.205856 -0.588177 
76.64869555199999 0.927019 0.84313 2.59898 
76.77373766399998 -1.178651 -0.304438 7.458911 
76.898779776 -3.208502 0.167111 -6.690557 
77.02382188799999 0.900118 -0.391452 -6.043435 
77.14885651199998 2.332309 -0.821188 0.19659 
77.273898624 1.11491 -0.2934 4.31891 
77.39894073599999 -0.265529 0.27983 2.545003 
77.52398284799999 -0.827571 0.27254 -7.042114 
77.64902495999999 0.477643 -0.237356 -2.921913 
77.774067072 2.020783 -2.221412 -0.00364 
77.89910918399998 0.98246 -0.90394 2.230053 
78.02414380799998 -0.341814 0.20063 4.036044 
78.14918592 -0.029961 -0.031061 -4.146451 
78.27422803199998 1.462456 2.693806 -1.586903 
78.39927014399998 2.590554 1.486363 -0.32668 
78.52431225599999 2.394071 2.276065 1.824901 
78.64935436799999 0.179472 0.291552 3.585329 
78.77438899199998 0.407031 0.470232 -3.842757 
78.89943110399999 1.652102 0.713746 -5.035025 
79.02447321599999 0.79572 1.783052 0.119124 
79.14951532799998 -0.231574 1.254973 -0.211569 
79.27455744 0.440575 0.066361 4.105389 
79.39959955199998 -1.749162 0.084414 -6.118383 
79.52463417599998 1.30007 0.374218 -4.011313 
79.649676288 1.724056 0.277583 -0.201403 
79.77471839999998 0.538684 0.237228 2.061796 
79.89976051199999 0.020267 0.040858 1.449633 
80.02480262399999 -0.963082 0.529014 -5.809076 
80.14984473599999 1.170682 0.142428 -3.611926 
80.27487935999999 2.225605 -0.554324 -1.666562 
80.39992147199999 -0.086496 -0.472495 -0.144985 
80.52496358399999 -0.101767 -0.000892 5.855329 
80.65000569599998 0.191772 -0.198504 -4.273581 
80.775047808 1.257274 -1.741915 -2.759731 
80.90008991999998 1.211843 -2.751474 -0.620795 
81.02512454399998 1.215599 -2.484745 1.20082 
81.150166656 0.039743 -0.270815 0.477779 
81.27520876799998 0.487474 2.329476 -0.992944 
81.40025087999999 1.091816 2.423644 -0.842171 
81.52529299199999 -0.447823 1.452712 -0.01632 
81.65033510399999 -0.149999 2.379442 -0.196424 
81.77536972799999 0.438188 0.746385 1.63231 
81.90041183999998 0.803835 1.193517 -2.671176 
82.02545395199999 -0.323077 1.856775 0.243893 
82.15049606399998 0.469178 1.84028 0.129284 
82.27553817599998 -0.308863 1.514453 -0.398823 
82.40058028799999 0.215167 0.621392 1.370415 
82.52561491199998 0.529785 0.059653 -1.717937 
82.65065702399998 -0.750563 0.448171 0.665514 
82.77569913599999 1.705531 -0.310518 -0.463776 
82.90074124799999 0.278798 0.771442 0.451221 
83.02578335999998 0.038492 0.096605 0.397377 
83.150825472 -0.222138 -0.461167 1.273248 
83.27586758399998 -0.634425 0.532519 0.662645 
83.40090220799998 -0.745782 -0.716671 -0.118388 
83.52594432 0.707663 -0.074758 1.476664 
83.65098643199998 -0.222415 -0.199711 -1.11111 
83.77602854399998 0.381813 -1.127569 -2.127524 
83.90107065599999 0.529331 -1.192798 -0.414486 
84.02611276799999 0.33287 -0.656636 0.050576 
84.15114739199998 -0.259983 -0.943847 -0.379342 
84.27618950399999 -0.109998 -0.804407 -0.6013 
84.40123161599999 -0.393731 3.002664 0.491224 
84.52627372799998 -1.01372 3.481497 0.521561 
84.65131584 -1.537016 0.631221 0.418524 
84.77635795199998 -1.418392 2.459623 -1.656067 
84.90139257599998 0.250885 1.205053 0.576609 
85.026434688 -0.663055 1.187637 0.563028 
85.15147679999998 -0.352385 1.289397 0.060624 
85.27651891199999 -0.246243 0.936074 -0.117336 
85.40156102399997 -1.117213 1.239856 -1.173272 
85.52660313599999 -1.307306 0.151913 -1.646454 
85.65163775999999 -1.286793 -0.193849 0.98504 
85.77667987199997 -1.552161 0.227813 0.748733 
85.90172198399999 -0.774908 -0.892726 -0.2041 
86.02676409599998 -1.055459 1.367438 -0.554334 
86.15180620799998 -1.135911 0.905617 -1.932543 
86.27684831999998 -0.654775 -1.825435 1.289643 
86.40188294399998 -0.281858 0.456158 0.092749 
86.52692505599998 0.038082 -0.426746 0.020503 
86.65196716799998 0.295932 -0.411356 0.314073 
86.77700927999999 0.49066 -0.535137 1.081857 
86.90205139199998 -0.50704 -1.684186 0.457757 
87.02709350399999 0.72021 -1.360452 -0.820995 
87.15212812799999 -1.111383 -0.926328 -0.541815 
87.27717023999998 0.121708 -0.056198 0.133596 
87.40221235199999 -0.404873 -2.224955 -0.724061 
87.52725446399998 0.258897 0.212646 -4.528532 
87.65229657599998 1.119303 1.850643 -2.703811 
87.77733868799999 1.427823 3.477717 -0.090813 
87.90238079999999 0.737471 1.088898 3.452699 
88.02741542399998 -0.192516 -0.063266 6.920441 
88.15245753599999 -2.080712 -0.576177 -6.004369 
88.27749964799999 0.090672 0.046561 -6.559709 
88.40254175999998 -0.216788 1.019963 0.160125 
88.527583872 0.739323 0.600006 3.625392 
88.65262598399998 -1.513857 -1.229763 3.582931 
88.77766060799998 -1.799788 -0.254477 -2.581448 
88.90270271999998 0.339892 0.206193 -2.536738 
89.02774483199998 0.367413 1.076028 -0.204059 
89.15278694399998 0.349604 0.590961 1.517012 
89.27782905599997 -2.425112 -0.726437 5.744907 
89.40287116799999 -4.361568 0.192595 -3.454316 
89.52790579199998 0.051759 -0.028583 -5.4447 
89.65294790399997 1.493148 -0.742784 0.192007 
89.77799001599999 0.401631 -0.133892 3.363869 
89.90303212799998 -0.333992 0.645854 1.280633 
90.02807423999998 -1.854267 0.59878 -6.010257 
90.15311635199998 0.097175 -0.043042 -1.723509 
90.27815097599998 1.436986 -2.007903 0.036316 
90.40319308799998 0.40205 -0.529522 1.270535 
90.52823519999998 -0.706414 0.432971 2.860301 
90.65327731199999 -0.399184 -0.359502 -3.980988 
90.77831942399997 1.405103 2.29352 -1.64465 
90.90336153599999 2.32927 0.884918 -0.281605 
91.02839615999999 2.485469 2.022542 2.230259 
91.15343827199997 -0.163432 -0.244393 3.581791 
91.27848038399999 0.078643 0.09267 -3.616459 
91.40352249599998 1.087011 0.416035 -5.175804 
91.52856460799998 0.310328 1.260417 0.065292 
91.65360671999998 -0.691742 0.734734 -0.695803 
91.77864134399998 -0.014532 0.000675 3.561693 
91.90368345599998 -2.704669 0.208155 -4.672685 
92.02872556799998 0.779603 0.234766 -3.68267 
92.15376767999999 1.142246 0.114206 -0.128937 
92.27880979199998 0.1993 0.109397 1.291729 
92.40385190399999 -0.054583 -0.230465 0.670434 
92.52888652799999 -1.749305 1.016425 -4.926368 
92.65392863999998 0.680073 0.172067 -3.151981 
92.77897075199998 1.68905 -0.419292 -1.541216 
92.90401286399998 -0.466722 -0.302024 -0.921298 
93.02905497599998 -0.893171 -0.051932 5.165486 
93.15409708799997 -0.203861 0.210996 -4.052313 
93.27913919999999 0.977645 -1.397381 -2.696721 
93.40417382399998 0.916161 -2.382138 -0.525375 
93.52921593599997 0.919388 -2.112056 1.065719 
93.65425804799999 -0.004028 -0.031092 -0.339298 
93.77930015999998 0.493412 1.995008 -0.998726 
93.90434227199998 1.103807 1.763441 -0.837076 
94.02938438399998 -0.623526 0.517383 -0.05396 
94.15441900799998 -0.276413 1.699066 -0.393978 
94.27946111999998 0.33906 0.347177 1.595982 
94.40450323199998 0.710287 0.922995 -2.797421 
94.52954534399998 -0.49085 1.37411 0.33656 
94.65458745599997 0.313823 1.263318 0.112188 
94.77962956799999 -0.449463 1.032145 -0.629242 
94.90466419199998 0.123564 0.336219 1.267617 
95.02970630399997 0.426758 -0.01464 -1.571366 
95.15474841599999 -0.914131 0.281898 0.736257 
95.27979052799998 1.47479 -0.479198 -0.427897 
95.40483263999998 0.129191 0.586659 0.241731 
95.52987475199998 0.005512 0.033042 0.129215 
95.65490937599998 -0.281082 -0.438822 1.61529 
95.77995148799998 -0.783983 0.694464 0.76823 
95.90499359999998 -0.905087 -0.488622 -0.197939 
96.03003571199999 0.512055 0.044277 1.335859 
96.15507782399997 -0.255364 -0.129271 -1.472051 
96.28011993599998 0.304371 -0.842201 -2.236225 
96.40515455999999 0.383624 -0.686853 -0.29173 
96.53019667199997 0.14449 -0.065336 0.031093 
96.65523878399998 -0.388352 -0.477668 -0.621323 
96.78028089599998 -0.138865 -0.578673 -0.928938 
96.90532300799998 -0.38862 2.697196 0.400166 
97.03036511999997 -1.158644 3.013661 0.438888 
97.15539974399998 -1.3701 -0.232014 0.303603 
97.28044185599998 -1.537684 1.963101 -1.763538 
97.40548396799997 0.3628 0.705118 0.86764 
97.53052607999999 -0.554707 0.786348 0.327919 
97.65556819199998 -0.182421 0.729103 0.00349 
97.78061030399998 -0.063611 0.35766 -0.036643 
97.90564492799999 -0.998709 0.796664 -1.01904 
98.03068703999998 -1.226198 -0.27395 -1.292006 
98.15572915199998 -1.179085 -0.359355 0.535168 
98.28077126399998 -1.380064 0.061714 0.397493 
98.40581337599998 -0.545459 -1.043626 -0.183871 
98.53085548799997 -0.878653 1.18447 -0.423036 
98.65589759999999 -1.099759 0.858263 -1.613704 
98.78093222399998 -0.64461 -1.952746 1.046316 
98.90597433599997 -0.085508 0.639045 0.015711 
99.03101644799999 0.225549 -0.216763 0.146607 
99.15605855999998 0.453402 -0.229995 0.510814 
99.28110067199998 0.598364 -0.4114 1.389455 
99.40614278399998 -0.405794 -1.321406 0.266732 
99.53117740799998 0.888864 -0.914744 -0.996628 
99.65621951999998 -0.924349 -0.372695 -0.530214 
99.78126163199998 0.280439 0.434409 0.323942 
99.90630374399998 -0.353419 -2.007021 -0.599616 
