time x_vel_bar y_vel_bar z_vel_bar 
0.0 0.0 0.0 0.0 
0.12503836799999996 0.0 0.0 0.0 
0.2500771103999999 0.0 0.0 0.0 
0.3751154783999999 0.0 0.0 0.0 
0.5001542207999998 0.0 0.0 0.0 
0.6251925887999998 0.0 0.0 0.0 
0.7502309567999998 0.0 0.0 0.0 
0.8752696991999998 0.0 0.0 0.0 
1.0003080671999998 0.0 0.0 0.0 
1.1253464351999998 0.0 0.0 0.0 
1.2503848031999998 0.0 0.0 0.0 
1.3754235455999997 0.0 0.0 0.0 
1.5004619135999997 0.0 0.0 0.0 
1.6255006559999996 0.0 0.0 0.0 
1.7505393983999995 0.0 0.0 0.0 
1.8755777663999995 0.0 0.0 0.0 
2.0006165087999994 0.0 0.0 0.0 
2.125654876799999 0.0 0.0 0.0 
2.2506936191999993 0.0 0.0 0.0 
2.375731987199999 0.0 0.0 0.0 
2.5007707295999992 0.0 0.0 0.0 
2.625809097599999 0.0 0.0 0.0 
2.750847839999999 0.0 0.0 0.0 
2.8758862079999994 0.0 0.0 0.0 
3.000924950399999 0.0 0.0 0.0 
3.1259633183999993 0.0 0.0 0.0 
3.251001311999999 0.0 0.0 0.0 
3.3760396799999994 0.0 0.0 0.0 
3.5010784223999996 0.0 0.0 0.0 
3.626116790399999 0.0 0.0 0.0 
3.751155158399999 0.0 0.0 0.0 
3.876193526399999 0.0 0.0 0.0 
4.001231894399999 0.0 0.0 0.0 
4.1262702623999985 0.0 0.0 0.0 
4.251308630399999 0.0 0.0 0.0 
4.376346998399999 0.0 0.0 0.0 
4.501385366399998 0.0 0.0 0.0 
4.6264237343999985 0.0 0.0 0.0 
4.751462102399999 0.0 0.0 0.0 
4.876500470399999 0.0 0.0 0.0 
5.001538838399998 0.0 0.0 0.0 
5.126577206399999 0.0 0.0 0.0 
5.251615948799999 0.0 0.0 0.0 
5.376654316799999 0.0 0.0 0.0 
5.501692684799998 0.0 0.0 0.0 
5.6267310527999985 0.0 0.0 0.0 
5.751769420799998 0.0 0.0 0.0 
5.876807788799999 0.0 0.0 0.0 
6.001846531199998 0.0 0.0 0.0 
6.1268852735999975 0.0 0.0 0.0 
6.2519240159999985 0.0 0.0 0.0 
6.376962758399998 0.0 0.0 0.0 
6.502001126399998 0.0 0.0 0.0 
6.627040243199998 0.0 0.0 0.0 
6.752079359999999 0.0 0.0 0.0 
6.877117727999997 0.0 0.0 0.0 
7.002156844799999 0.0 0.0 0.0 
7.127195212799998 0.0 0.0 0.0 
7.2522343295999985 0.0 0.0 0.0 
7.377272697599998 0.0 0.0 0.0 
7.502311814399999 0.0 0.0 0.0 
7.627350182399997 0.0 0.0 0.0 
7.752389299199998 0.0 0.0 0.0 
7.877427667199997 0.0 0.0 0.0 
8.002466784 0.0 0.0 0.0 
8.127505151999998 0.0 0.0 0.0 
8.252544268799998 0.0 0.0 0.0 
8.377582636799998 0.0 0.0 0.0 
8.502621753599996 0.0 0.0 0.0 
8.627660121599996 0.0 0.0 0.0 
8.752699238399996 0.0 0.0 0.0 
8.877737606399997 0.0 0.0 0.0 
9.002776723199997 0.0 0.0 0.0 
9.127815091199997 0.0 0.0 0.0 
9.252854207999997 0.0 0.0 0.0 
9.377892575999997 0.0 0.0 0.0 
9.502931692799997 0.0 0.0 0.0 
9.627970060799997 0.0 0.0 0.0 
9.753009177599997 0.0 0.0 0.0 
9.878047545599998 0.0 0.0 0.0 
10.003086662399996 0.0 0.0 0.0 
10.128125030399996 0.0 0.0 0.0 
10.253164147199996 0.0 0.0 0.0 
10.378202515199996 0.0 0.0 0.0 
10.503241631999996 0.0 0.0 0.0 
10.628279999999997 0.0 0.0 0.0 
10.753319116799997 0.0 0.0 0.0 
10.878357484799997 0.0 0.0 0.0 
11.003396601599997 0.0 0.0 0.0 
11.128434969599997 0.0 0.0 0.0 
11.253474086399997 0.0 0.0 0.0 
11.378512454399997 0.0 0.0 0.0 
11.503551571199996 0.0 0.0 0.0 
11.628589939199996 0.0 0.0 0.0 
11.753629055999996 0.0 0.0 0.0 
11.878667423999996 0.0 0.0 0.0 
12.003705791999996 0.0 0.0 0.0 
12.128744159999997 0.0 0.0 0.0 
12.253781779199997 0.0 0.0 0.0 
12.378820147199997 0.0 0.0 0.0 
12.503857766399996 1.303694 0.434044 -1.249013 
12.628895385599996 0.982446 3.917931 -0.39386 
12.753934502399996 -0.306393 4.260751 -0.195121 
12.878972121599997 0.255771 0.729468 2.542201 
13.004009740799995 1.584479 -0.551832 6.174581 
13.129048857599997 3.818523 0.256168 -4.889069 
13.254086476799996 2.16612 -1.018696 -2.575201 
13.379124095999996 -0.598014 2.241634 0.051979 
13.504161715199995 1.712005 0.854023 5.692986 
13.629200831999997 -0.480738 -0.397588 4.993211 
13.754238451199996 0.36741 -0.069093 -1.687882 
13.879276070399996 2.594368 1.258855 -0.581094 
14.004313689599998 1.701438 2.344239 0.658608 
14.129352806399996 1.192339 1.561887 3.22518 
14.254390425599995 1.353704 -0.186942 7.078778 
14.379428044799997 2.249222 0.023645 -8.759499 
14.504467161599996 3.438633 -0.813509 -2.08488 
14.629504780799996 3.366429 -0.652242 4.705201 
14.754542399999995 1.858706 -0.26879 7.147802 
14.879580019199997 -0.003471 -0.482263 -0.034356 
15.004619135999995 3.799536 -0.405786 -4.432432 
15.129656755199994 0.561995 0.489828 -0.762731 
15.254694374399996 1.878891 -2.516434 2.027841 
15.379733491199994 0.936141 -0.912547 2.154193 
15.504771110399995 0.228874 -0.052596 2.74984 
15.629808729599997 0.977488 0.317831 -4.145684 
15.754846348799996 0.781214 3.865701 0.241177 
15.879885465599994 3.899697 0.871756 2.352232 
16.004923084799998 1.025271 0.472285 0.575117 
16.129960703999995 -0.171516 -0.353706 3.247386 
16.254999820799995 1.926246 2.643399 -1.403056 
16.380037439999995 4.274524 0.31916 -2.258763 
16.505075059199996 0.633627 2.96236 0.821197 
16.630112678399996 -1.469408 2.353251 -1.174994 
16.755151795199993 1.772977 -0.472153 5.407814 
16.880189414399997 1.358286 -0.149549 -8.586368 
17.005227033599997 4.172421 0.655912 -1.614647 
17.130264652799994 3.631212 0.259552 2.991381 
17.255303769599998 0.397663 0.155743 4.423717 
17.380341388799994 0.012597 0.322581 0.224653 
17.505379007999995 1.624552 -0.721067 -4.763083 
17.630418124799995 3.828779 0.771037 -1.494242 
17.755455743999995 4.597342 -0.381429 -0.848056 
17.880493363199996 -0.64042 -0.933991 -1.343513 
18.005530982399996 1.818738 0.102487 8.61262 
18.130570099199996 2.011847 -2.126524 -2.607621 
18.255607718399997 1.23267 -3.143595 -0.41849 
18.380645337599994 0.237811 -4.290936 -0.018749 
18.505684454399997 0.385185 -3.822859 0.308384 
18.630722073599994 -0.188557 -0.284211 -2.63388 
18.755759692799995 0.60282 4.171986 -0.159198 
18.880797311999995 1.281564 3.626343 0.49622 
19.005836428799995 -1.517792 2.287387 -1.043895 
19.130874047999995 -0.237651 2.707329 -0.651656 
19.255911667199996 0.504836 0.357499 2.906603 
19.380949286399993 2.165045 2.610325 -1.343654 
19.505988403199996 -0.900845 3.743898 -0.308287 
19.631026022399993 0.463815 3.348374 0.648821 
19.756063641599994 -0.566243 2.331173 -1.42787 
19.881102758399994 0.008092 0.028559 1.884604 
20.006140377599994 1.770875 -0.372673 -1.044491 
20.131177996799995 -2.452324 0.954601 -0.15283 
20.256215615999995 4.104925 -0.570475 1.012722 
20.381254732799995 0.387125 1.326661 1.244945 
20.506292351999992 0.0073 -0.186823 -0.056554 
20.631329971199992 -0.915232 -0.942766 3.841985 
20.756369087999992 -2.055462 1.754807 0.414114 
20.881406707199993 -1.810987 -1.603442 -1.871271 
21.006444326399993 0.980194 -0.036327 4.801084 
21.131481945599994 0.037887 0.015039 -3.963203 
21.256521062399994 0.35156 -2.825576 -0.736413 
21.381558681599994 0.940273 -2.308322 0.480486 
21.506596300799995 0.550345 -1.247359 0.585459 
21.631635417599995 -0.590167 -1.295005 -1.871217 
21.75667303679999 0.090816 0.337732 -1.975784 
21.881710655999996 -0.175633 4.633131 0.042333 
22.006748275199996 0.476259 4.052455 0.07522 
22.131787391999993 -3.259852 0.224713 1.051748 
22.256825011199997 -0.3571 1.45467 -1.306134 
22.381862630399993 0.645154 0.668568 3.216801 
22.506900249599994 -1.103819 1.356547 -0.016223 
22.631939366399994 -0.419962 2.36684 -0.342013 
22.756976985599994 -0.26489 1.64619 -0.488158 
22.882014604799995 -1.187078 1.239887 -4.088403 
23.00705372159999 -1.92002 -0.392555 -5.348297 
23.132091340799995 -2.749264 -1.009832 0.69857 
23.257128959999996 -3.657984 0.219516 1.593385 
23.382166579199993 -1.663031 -2.102456 -1.706709 
23.507205695999996 -1.759237 2.580229 -1.944817 
23.632243315199993 -0.599591 0.429681 -5.501271 
23.757280934399994 -0.338858 -2.402389 1.033191 
23.882320051199994 -0.505002 1.56038 -0.140179 
24.00735767039999 0.136801 -0.840945 0.281871 
24.13239528959999 0.652335 -0.701963 1.716236 
24.257432908799995 0.78984 -0.523718 4.169532 
24.38247202559999 -0.615045 -2.7046 0.000216 
24.507509644799992 1.97705 -2.263828 -1.901547 
24.632547263999996 -1.815343 -1.311259 -3.494833 
24.757584883199996 0.424536 0.259451 1.192296 
24.88262399999999 -0.080175 -2.116896 -0.327626 
25.007661619199997 1.13607 -0.418854 -0.248055 
25.132699238399994 -1.025214 3.300343 -0.136769 
25.257736857599994 0.317394 3.433244 0.554083 
25.382774476799995 0.178488 -3.190966 -0.223952 
25.50781509119999 -1.049904 0.477037 5.286604 
25.63285271039999 2.8005 -0.818172 -4.764511 
25.75789032959999 0.671047 -2.057913 -1.390978 
25.882927948799995 -4.904256 0.082146 -0.269636 
26.007965567999996 -1.071656 -0.866328 3.29933 
26.133003187199993 -0.420884 -1.998382 -0.086496 
26.258040806399993 0.528257 0.150798 6.653354 
26.38308142079999 -1.100964 1.431846 -0.103462 
26.50811903999999 -1.767511 2.386245 -1.878298 
26.633156659199994 0.250785 -1.060929 -1.728961 
26.758194278399994 -1.444881 1.392507 2.795086 
26.883231897599995 -1.848044 0.091404 -8.029737 
27.008269516799995 1.821927 -1.884819 -1.450569 
27.133307135999992 0.173632 -0.097582 5.022589 
27.25834775039999 -1.650954 0.467123 3.226372 
27.383385369599996 2.327757 0.791609 -5.308302 
27.508422988799996 2.950994 0.68897 -4.0361 
27.633460607999993 -1.74899 1.596586 3.723495 
27.758498227199993 0.137462 -1.493312 0.626307 
27.883535846399994 0.140704 -0.032047 -6.034158 
28.008573465599994 1.922428 -1.609994 -3.197535 
28.13361407999999 0.055503 -0.238728 -1.593123 
28.258651699199994 0.748664 2.732689 1.543565 
28.383689318399995 2.690423 -0.60028 6.127201 
28.508726937599995 0.922298 -2.085731 0.735888 
28.633764556799992 -1.769504 -2.648367 1.129659 
28.758802175999993 1.422004 2.656655 0.047257 
28.883839795199993 4.785269 -0.129921 -1.775762 
29.00887741439999 -0.40972 0.817936 -2.651116 
29.133918028799993 -4.16319 0.197714 -4.651469 
29.258955647999993 -0.198705 0.623379 2.36757 
29.383993267199994 -1.999587 -0.05347 -5.790134 
29.50903088639999 4.278258 0.638952 -0.566185 
29.63406850559999 1.76438 -0.159117 5.833864 
29.75910612479999 -0.53573 -0.573647 0.442171 
29.884143743999992 1.395318 -2.223428 -2.659551 
30.00918435839999 0.089766 0.016421 -1.108775 
30.134221977599992 2.818189 2.171701 -0.337435 
30.259259596799993 4.772699 -0.179678 -0.966822 
30.384297215999993 -1.050491 -0.123763 -8.387542 
30.50933483519999 -2.803354 -0.063336 6.360963 
30.63437245439999 1.914068 -2.051495 -1.984257 
30.75941007359999 0.51257 -3.472137 0.090465 
30.884450687999994 -0.306952 -4.681638 -0.035985 
31.00948830719999 -0.235893 -3.827891 -0.319337 
31.13452592639999 2.449091 0.0732 -8.084904 
31.259563545599992 0.682555 2.269466 1.133269 
31.384601164799992 1.653583 1.18457 4.601522 
31.50963878399999 -2.637365 -0.753467 -4.935336 
31.63467640319999 -0.039552 0.070972 -3.53139 
31.759717017599993 -0.446397 1.11421 2.428965 
31.884754636799993 3.056247 1.626351 1.673665 
32.00979225599999 -1.60034 1.737582 -3.569606 
32.13482987519999 0.074733 0.803223 0.718146 
32.25986749439999 -0.310873 0.331497 -4.79846 
32.38490511359999 -0.803396 -2.533993 1.176716 
32.50994273279999 1.747649 -1.540914 1.035542 
32.63498334719999 -3.719292 0.238237 -4.79255 
32.76002096639999 3.596898 -0.364782 3.520042 
32.88505858559999 -0.040343 -0.74893 0.327863 
33.01009620479999 1.204002 -0.258628 -0.571655 
33.13513382399999 -1.788539 -0.704322 5.870716 
33.26017144319999 -2.379485 2.009456 -1.758799 
33.38520906239999 -2.215187 -0.615629 -6.373657 
33.510249676799994 -2.205114 -0.56559 4.672413 
33.635287295999994 2.667637 0.11566 -6.629156 
33.76032491519999 -0.635767 -2.485502 0.981952 
33.88536253439999 0.349596 -0.247598 1.181363 
34.01040015359999 -0.060292 0.606987 -0.257758 
34.13543777279999 0.14445 0.026131 -6.336812 
34.26047539199999 1.686784 2.162932 -2.600317 
34.38551301119999 0.066719 2.751539 0.143248 
34.51055362559999 0.84639 1.991902 1.69424 
34.63559124479999 -1.742804 -2.631603 0.138671 
34.76062886399999 0.207626 -0.087886 -2.63502 
34.88566648319999 -0.753807 0.291391 6.930501 
35.01070410239999 -0.332595 -0.469811 -1.299577 
35.13574172159999 0.061001 0.154302 0.603308 
35.26077934079999 -0.015064 -0.003607 1.138454 
35.38581995519999 -0.196843 0.072878 -7.0768 
35.51085757439999 -1.433064 -1.479726 -3.149463 
35.635895193599985 -1.713116 -1.321942 -4.396299 
35.760932812799986 -4.239884 -0.24705 -3.178836 
35.885970431999986 -0.479061 -2.129396 -1.555419 
36.011008051199994 -1.255427 2.511595 -1.782516 
36.136045670399994 0.013027 -0.007011 -6.096261 
36.26108628479999 0.613959 -3.175725 -1.049502 
36.38612390399999 0.172009 2.109185 0.454975 
36.51116152319999 -0.288125 0.124525 3.19202 
36.63619914239999 -0.097397 0.019529 5.978914 
36.761236761599996 -1.082604 0.185771 8.236919 
36.88627438079999 -0.041907 -0.60986 -0.158423 
37.01131199999999 4.218032 -0.569639 -2.53695 
37.13635261439999 -0.343331 -0.006729 -6.957584 
37.26139023359999 -0.090657 -0.21691 2.918115 
37.38642785279999 0.021641 -0.711804 0.291317 
37.51146547199999 0.86443 -0.573753 0.188082 
37.63650309119999 -3.883906 0.186886 -2.167524 
37.76154071039999 0.152252 1.456367 0.600457 
37.88657832959999 1.649166 -2.323396 2.473616 
38.01161894399999 -0.881508 -0.113056 -0.362525 
38.136656563199985 0.218632 -0.689044 -2.069758 
38.261694182399985 -0.199585 -1.105589 1.248525 
38.38673180159999 -3.70129 1.069652 -0.581583 
38.51176942079999 0.106598 -0.746159 0.116262 
38.636807039999994 -0.187982 0.239206 3.043548 
38.76184465919999 1.653542 -0.094227 8.13647 
38.88688527359999 -4.216524 0.354464 -1.27211 
39.01192289279999 -3.27444 0.351644 -5.34706 
39.136960511999995 1.760971 -1.81056 -1.440519 
39.26199813119999 -0.418713 2.184637 -0.894781 
39.38703575039999 -2.979398 0.631222 4.079057 
39.51207336959999 0.607205 -3.122141 -0.924659 
39.63711098879999 0.29182 1.471243 -0.18415 
39.76214860799999 -0.135686 0.316313 -0.370268 
39.88718922239999 2.026171 -2.681315 -1.392477 
40.01222684159999 0.324398 1.254278 -1.393207 
40.13726446079999 -0.483643 -0.690089 1.096061 
40.26230207999999 0.715086 0.7382 -4.2753 
40.38733969919999 1.941856 0.008689 -6.974892 
40.51237731839999 1.883497 -0.099498 0.793355 
40.63741493759999 -0.009876 2.72903 -0.030167 
40.76245555199999 0.109158 0.233388 2.2829 
40.88749317119999 -0.269564 0.756828 2.141061 
41.01253079039999 0.389778 -3.272172 0.474654 
41.13756840959999 -1.15694 -1.427095 -3.324257 
41.262606028799986 -0.221637 0.861632 -0.120951 
41.38764364799999 4.665009 -0.028491 -3.316049 
41.51268126719999 0.795652 -0.179814 -7.215322 
41.637721881599994 -4.353833 0.359461 -2.692663 
41.76275950079999 0.536066 4.22793 -0.341048 
41.88779711999999 -1.325364 -1.388702 1.988174 
42.01283473919999 2.955973 0.850174 -0.451974 
42.13787235839999 -0.737531 0.568534 2.620827 
42.26290997759999 0.449035 -0.188849 1.704759 
42.38794759679999 1.41534 -0.867091 -0.221539 
42.51298821119999 0.831993 -0.582726 2.67936 
42.63802583039999 1.090649 3.738826 -0.095172 
42.76306344959999 4.092341 -0.468944 -1.743942 
42.88810106879999 -1.563611 0.039286 -9.179434 
43.01313868799999 -1.653099 0.590372 -4.956312 
43.138176307199984 0.71165 -0.792011 -1.076952 
43.263213926399985 0.961476 -3.568951 0.589494 
43.38825454079999 -0.005182 -4.943737 -0.001488 
43.51329215999999 -0.008873 -3.499975 -0.017727 
43.63832977919999 2.05186 0.361891 -6.564892 
43.763367398399986 0.060196 -0.029482 1.317429 
43.888405017599986 -1.128024 0.101727 6.524296 
44.01344263679999 -1.148492 -1.582059 -2.334668 
44.13848025599999 1.02175 -0.365688 -6.974684 
44.26352087039999 0.298409 4.321658 -0.192031 
44.38855848959999 2.7425 0.765948 5.542881 
44.51359610879999 -1.360255 0.340981 -7.431454 
44.63863372799999 -0.030083 -1.507094 0.099869 
44.76367134719999 0.023244 -0.006706 -7.652076 
44.88870896639999 -0.989635 -3.178913 -0.79129 
45.01374658559999 0.675232 -1.608637 1.386241 
45.13878420479998 -3.398422 -0.028745 -6.698884 
45.26382481919999 1.552652 -0.416404 4.865812 
45.38886243839999 0.275773 -2.996227 -0.325318 
45.51390005759999 1.956502 0.016074 3.272239 
45.63893767679998 -3.250054 -0.051253 2.684986 
45.763975295999984 -1.399934 1.174736 -2.278412 
45.889012915199984 -2.711361 -0.24893 -7.376374 
46.014050534399985 -2.683946 -0.994443 -4.804992 
46.139091148799984 3.08692 0.00555 -7.737486 
46.264128767999985 -1.050098 -1.744838 1.174128 
46.389166387199985 0.011455 -0.50705 -0.087185 
46.514204006399986 0.10083 -0.558651 -1.303791 
46.639241625599986 0.544977 -0.079333 -8.375808 
46.76427924479999 1.901214 0.738808 -0.693193 
46.88931686399999 -0.073735 -0.133016 1.521457 
47.01435747839999 0.022845 0.073344 0.786735 
47.13939509759999 1.741364 -2.838678 0.467096 
47.26443271679999 0.949716 0.802929 -3.312369 
47.38947033599999 -1.302827 0.789876 0.699596 
47.51450795519999 -0.004902 1.317762 0.021786 
47.63954557439998 -0.693536 0.987238 1.679981 
47.76458319359999 -0.981055 1.530014 1.828506 
47.88962380799999 -1.092149 0.098875 -8.251115 
48.01466442239998 0.674597 -2.050771 0.354121 
48.13970204159998 0.10508 0.155981 -4.015422 
48.26473966079998 -2.817982 -0.592918 -5.573634 
48.38977727999998 -0.03734 -1.127391 -0.292986 
48.51481489919998 -1.343502 2.66746 -1.502308 
48.63985251839999 -1.12533 0.309205 -4.698893 
48.76489013759999 1.502918 -2.921531 -1.476291 
48.889930751999984 -0.050049 -0.273173 1.462995 
49.014968371199984 -2.660337 0.094528 1.973414 
49.140005990399985 -3.678428 0.081082 4.049518 
49.265043609599985 -4.60409 -0.292546 0.671336 
49.39008122879999 -0.292439 -0.445174 1.155851 
49.51511884799999 4.56699 0.027856 -3.866025 
49.64015646719999 -0.172406 0.077179 -6.556841 
49.765197081599986 0.300888 -2.655383 -0.481406 
49.89023470079998 -0.020166 0.569902 0.323688 
50.01527231999998 0.341105 -0.159948 0.209544 
50.14030993919998 -3.297987 -1.018314 -2.233782 
50.26535055359999 -0.126638 0.037754 -3.960494 
50.39038817279998 -0.594479 0.359814 4.331104 
50.51542579199998 -0.227346 0.240853 3.08057 
50.64046341119998 0.655788 2.757578 1.388698 
50.76550103039998 0.208594 0.312088 3.933645 
50.89053864959998 -2.070789 2.901448 -0.316561 
51.01557626879999 -0.793729 0.188727 3.315704 
51.14061388799999 -2.73795 1.939953 -0.722577 
51.26565150719999 -0.46223 0.627311 3.878448 
51.39068912639999 -4.877842 -0.054103 -1.619454 
51.51572674559999 -4.15098 -0.332046 -4.082558 
51.64076436479999 0.393031 1.867583 0.18862 
51.765801983999985 0.164215 -2.965982 -0.34255 
51.890839603199986 1.128355 -1.027336 2.210372 
52.015883212799984 0.055291 -2.411897 -0.181939 
52.140920831999985 1.152606 0.584264 5.145889 
52.26595845119998 -1.044074 -0.480658 1.202186 
52.39099607039998 -1.395506 -3.447786 0.688574 
52.51603368959998 0.548654 -1.11669 3.081571 
52.641071308799994 0.762891 -2.984537 -1.059867 
52.76610892799999 3.120036 0.373983 -6.379718 
52.89114654719999 0.276333 0.680123 -2.810929 
53.01618416639999 -0.441616 2.62498 -1.057425 
53.14122178559999 -1.198778 2.599182 -0.804088 
53.26625940479999 -0.112448 0.40349 0.257707 
53.39129702399999 0.925618 4.069925 -0.007522 
53.51633464319999 -0.312143 -3.248689 -0.596975 
53.64137226239998 0.89313 1.044745 -4.222918 
53.76641587199998 -1.846175 -1.505756 -1.942412 
53.89145349119998 2.413675 -0.924257 -4.637909 
54.01649111039998 0.616952 0.013686 -9.639909 
54.14152872959999 -3.543514 1.1083 2.154695 
54.26656634879999 0.457792 0.920513 0.904836 
54.39160396799999 0.157421 2.52209 0.362346 
54.51664158719999 -0.769153 0.324345 0.220026 
54.64167920639999 0.563399 1.86795 0.413446 
54.766716825599985 -1.820434 0.316018 2.615628 
54.891754444799986 -0.782335 2.58892 -0.604826 
55.016792063999986 2.65359 -1.261048 2.667789 
55.14182968319999 -0.860562 3.493773 0.091804 
55.26686730239999 0.741373 -0.414075 -0.730386 
55.39190492159999 -3.759595 0.02886 -1.453479 
55.51694853119998 1.19077 -2.978258 -1.16061 
55.64198615039998 -0.744895 0.749348 2.168526 
55.76702376959999 1.507282 -2.429211 1.731957 
55.89206138879999 -0.45867 -3.716715 -0.200487 
56.01709900799999 -0.04521 -2.574993 -0.122482 
56.14213662719999 0.209618 -0.552047 1.681463 
56.26717424639999 -0.023071 2.491175 0.050064 
56.39221186559999 -2.414353 2.442985 -1.137075 
56.51724948479999 0.971124 -2.285432 0.880532 
56.64228710399998 -0.126482 0.002507 -9.535402 
56.767324723199984 1.695254 0.902578 2.418847 
56.892362342399984 -0.285226 -0.016111 6.557898 
57.017399961599985 -2.604592 -0.109232 -7.213099 
57.142437580799985 0.361937 -1.850628 -0.238816 
57.267475199999986 -2.503273 0.088217 -7.862619 
57.39251880959999 -0.20831 -1.115919 -1.510745 
57.51755642879999 -0.059373 -0.386304 -0.638767 
57.642594047999985 -3.982801 -0.430735 -2.652407 
57.767631667199986 -0.623661 0.873849 3.072876 
57.892669286399986 0.521425 -4.205334 0.184723 
58.01770690559999 -0.418884 -0.012939 8.165998 
58.14274452479999 -2.730587 0.197976 -4.11844 
58.26778214399999 -1.16509 1.141659 -2.174527 
58.39281976319999 -4.646456 -0.240435 -1.385187 
58.51785738239999 1.759287 0.280174 -6.078533 
58.64289500159998 -0.306533 -0.045533 -4.691337 
58.76793262079998 -0.395391 -0.449885 0.208976 
58.89297023999998 0.424123 -3.308846 -0.519448 
59.01800785919998 0.230876 -2.541874 -0.686821 
59.14305146879999 -2.32654 0.245716 -6.587185 
59.26808908799999 0.255051 -2.546472 0.03053 
59.39312670719999 -0.982475 1.682975 1.429654 
59.51816432639999 0.746729 0.402425 -1.681406 
59.643201945599984 2.85033 -1.806575 1.894796 
59.768239564799984 0.903357 1.532982 -3.203707 
59.893277183999984 0.969689 -0.665188 4.165993 
60.018314803199985 -0.274623 4.159857 0.246999 
60.143352422399985 -1.3901 3.324369 -0.103865 
60.268390041599986 -1.417168 3.531134 -0.344378 
60.393427660799986 -4.263389 -0.226659 -2.435194 
60.51846527999998 2.217093 -1.54917 -1.931051 
60.64350289919998 0.276109 0.804855 -2.480858 
60.76854051839998 -1.519783 -1.428023 -2.393503 
60.893584127999986 0.003391 -0.397003 0.080973 
61.01862174719999 -2.04492 2.821181 -0.963493 
61.14365936639999 -1.938298 -0.144638 -0.476789 
61.26869698559999 1.923677 -2.718438 -1.511305 
61.39373460479999 -0.736483 -2.873706 1.398656 
61.51877222399998 -2.768953 -0.129584 -6.356972 
61.64380984319998 -2.795764 -0.009672 -8.248343 
61.76884746239998 -0.11088 -0.065 -4.964086 
61.89388508159998 -1.08092 -2.927085 0.433467 
62.01892270079998 2.726836 0.558366 -6.246227 
62.143960319999984 -1.671289 1.7721 -3.488534 
62.268997939199984 3.453309 -1.390144 1.416237 
62.394035558399985 -0.034194 1.662699 0.161986 
62.51907317759998 -0.273285 0.475683 -0.29063 
62.64411079679998 -0.661941 -2.1271 -0.172977 
62.769154406399984 0.409408 0.120185 -7.446246 
62.894192025599985 -0.682864 -1.411325 -0.190114 
63.019229644799985 -2.989394 1.991697 -0.438984 
63.144267263999986 0.602523 2.348175 -0.098767 
63.269304883199986 0.423255 0.205026 4.493728 
63.39434250239999 -0.335503 3.594968 -0.016384 
63.51938012159998 -2.778518 0.207006 -2.455955 
63.64441774079998 0.304822 -0.150387 -6.520504 
63.76945535999998 1.072917 3.612971 -0.251952 
63.89449297919998 -4.592023 -0.390679 -0.153304 
64.01953059839998 -4.594641 -0.006273 2.545367 
64.14456821759998 -0.245502 3.497959 -0.430878 
64.26960583679998 -0.010583 -4.339645 -0.010827 
64.39464345599998 -0.854012 -1.730831 0.814415 
64.51968706559998 -0.246084 -0.47751 3.209172 
64.64472468479998 -3.736857 -0.728254 3.357423 
64.76976230399998 -1.106737 -0.265418 -3.588166 
64.89479992319998 -3.739732 0.465028 1.530647 
65.01983754239998 1.707951 -1.086074 2.496927 
65.14487516159998 0.423028 -2.911079 -0.348991 
65.26991278079998 2.468174 -0.159828 -7.491854 
65.39495039999998 0.154219 -2.758268 0.423386 
65.51998801919999 0.162646 0.402282 2.758496 
65.64502563839999 -1.931641 -1.940049 1.263864 
65.77006325759999 0.639155 3.328785 0.013645 
65.89510087679997 0.100707 0.32966 0.693336 
66.02013849599997 -0.333575 -1.753436 -0.929654 
66.14517611519997 1.734184 2.001273 -2.888902 
66.27021972479999 -1.828769 -2.398344 -2.309045 
66.39525734399999 0.013771 0.035578 1.950984 
66.52029496319999 -3.406567 0.45232 -5.510904 
66.64533258239999 -1.496401 -0.039134 3.43466 
66.77037020159999 0.074151 0.79059 -0.707144 
66.89540782079997 -0.193698 4.246181 0.198662 
67.02044543999997 -4.068053 -0.349727 1.763397 
67.14548305919998 -0.383214 -0.561697 3.72448 
67.27052067839998 -1.851311 0.213315 -4.580623 
67.39555829759998 -0.457728 3.112917 -0.803183 
67.52059591679998 3.627961 -0.887034 2.048671 
67.64563353599998 -3.507401 0.973072 0.436084 
67.77067115519998 -2.593378 0.079151 5.510633 
67.89570877439998 -0.786524 -0.067052 6.563539 
68.02074639359998 0.009771 -3.604789 0.017215 
68.14579000319998 -0.883595 0.929847 4.459486 
68.27082762239998 0.485105 0.504495 1.104032 
68.39586524159998 -1.325556 1.119094 -0.729319 
68.52090286079998 -0.433011 -0.556433 -1.546763 
68.64594047999998 3.41689 -0.791159 2.423789 
68.77097809919998 -0.03447 4.962674 0.00049 
68.89601571839998 0.080471 -0.778379 -0.590146 
69.02105333759998 2.358091 -2.282044 0.083425 
69.14609095679998 -4.430982 -0.045581 -3.218552 
69.27112857599998 -0.000305 0.001458 1.715281 
69.39616619519998 -1.341522 1.643084 0.107066 
69.52120381439998 -3.495858 -1.44612 0.799342 
69.64624143359998 0.823449 -1.787398 0.517802 
69.77127905279998 -4.599347 -0.038522 3.559271 
69.89632266239998 -0.280481 1.592557 1.250128 
70.02136028159998 0.640893 0.476433 -3.200428 
70.14639790079998 -1.501506 -1.051678 2.076741 
70.27143551999998 -0.505854 3.773145 -0.105948 
70.39647313919998 -0.203456 -3.202552 -0.41648 
70.52151075839998 -4.932463 -0.055424 -0.357044 
70.64654837759998 -0.266454 -0.057883 -6.492052 
70.77158599679997 -1.564175 1.789725 -1.975527 
70.89662361599997 -1.846579 0.003932 6.305566 
71.02166123519997 1.981093 -1.223875 -1.856508 
71.14669885439997 2.331315 -0.623801 0.16279 
71.27173647359999 0.97468 1.369453 0.082123 
71.39677409279999 0.022517 -4.722354 0.004345 
71.52181171199999 -0.659743 -3.125205 1.111342 
71.64685532159999 -2.556206 -0.258525 3.055901 
71.77189294079997 -0.201747 -4.606977 -0.097168 
71.89693055999997 -0.760927 4.030687 -0.448403 
72.02196817919997 2.170488 2.051723 -0.867268 
72.14700579839997 3.169898 -0.822389 4.517347 
72.27204341759997 0.099102 0.453706 -1.362896 
72.39708103679997 -2.67106 1.134219 2.873599 
72.52211865599998 0.49411 4.364183 0.238758 
72.64715627519998 -0.14949 2.246999 -0.410258 
72.77219389439998 0.279977 1.810658 0.830926 
72.89723151359999 -1.175062 -0.34663 6.746149 
73.02226913279999 1.467826 -0.376556 -5.651943 
73.14730675199998 0.003765 0.024316 -1.337078 
73.27234437119998 1.306703 -1.836266 0.323909 
73.39738199039998 -0.001818 0.254569 0.069575 
73.52242559999998 -1.781366 1.345592 0.550813 
73.64746321919998 -0.661772 -0.094588 2.340526 
73.77250083839998 1.214592 -1.932274 -1.226293 
73.89753845759998 -0.771408 -3.943469 -0.092933 
74.02257607679998 0.560008 -0.009031 -9.755877 
74.14761369599998 1.656363 -0.238501 -6.29323 
74.27265131519998 -1.896233 1.294477 1.753596 
74.39768893439998 -0.529038 -3.231885 -0.88139 
74.52272655359998 -0.428486 -0.7428 -3.392215 
74.64776417279998 -1.372255 3.111136 1.111566 
74.77280179199998 2.168018 0.357843 7.283487 
74.89783941119998 0.034611 2.152016 -0.087118 
75.02287703039998 -0.62842 0.922978 -0.962844 
75.14791464959998 0.954558 -3.333881 -0.345052 
75.27295825919998 -1.180486 -0.208712 -6.064206 
75.39799587839998 -0.063265 0.265197 1.59678 
75.52303349759998 -0.047485 0.00533 -4.916099 
75.64807111679997 -1.564959 -0.527088 3.262802 
75.77310873599997 -0.423088 0.196052 3.944773 
75.89814635519997 3.08158 1.858135 -0.248081 
76.02318397439997 0.836481 -0.002033 -6.227056 
76.14822159359998 3.015681 -1.090142 -3.439119 
76.27325921279999 0.479174 0.732305 2.257632 
76.39829683199999 -2.686661 -1.843085 1.164232 
76.52333445119999 -2.599073 -0.092036 8.135408 
76.64837207039999 0.18206 1.833489 0.787475 
76.77340968959999 -0.002008 0.084976 0.20599 
76.89844730879999 -0.523486 -0.484154 4.916276 
77.02349091839997 0.115367 0.022829 7.818479 
77.14852853759997 -0.487749 0.025421 -7.802999 
77.27356615679997 1.483295 0.189225 -3.64071 
77.39860377599997 -2.91576 1.070319 0.249507 
77.52364139519997 0.60699 1.990149 0.528516 
77.64867901439999 -2.159781 0.723347 1.231575 
77.77371663359999 -0.212099 -0.016194 -1.127191 
77.89875425279999 -1.116688 -1.820842 -0.170265 
78.02379187199999 -1.836024 -0.355308 6.859212 
78.14882949119998 -0.121519 -2.93772 0.28188 
78.27386711039998 0.093348 3.235568 0.189836 
78.39890472959998 0.879009 2.696293 -1.383587 
78.52394234879998 0.288886 0.61033 0.95793 
78.64897996799998 1.840405 1.993005 -2.898985 
78.77401758719998 -1.529838 -2.940865 -1.28124 
78.89906119679998 2.990649 0.657446 4.823546 
79.02409881599998 -1.505974 0.883093 5.47777 
79.14913643519998 -0.006319 -1.556491 0.021517 
79.27417405439998 -0.672958 3.782974 0.676811 
79.39921167359998 -0.05693 -0.158402 -2.129951 
79.52424929279998 -4.678214 -0.142803 1.572149 
79.64928691199998 -1.983485 -2.718059 -0.504695 
79.77432453119998 1.435143 -0.115397 -4.613103 
79.89936215039998 0.510218 2.327263 1.439283 
80.02439976959998 3.871026 0.271396 2.987564 
80.14943738879998 -4.048139 -0.937103 0.328264 
80.27447500799998 -3.171674 -0.052634 7.485119 
80.39951262719998 2.832296 0.371461 5.105733 
80.52455024639998 -0.037785 0.506216 0.566076 
80.64959385599997 -1.148166 1.260426 3.774812 
80.77463147519997 -0.171374 1.096161 -1.232431 
80.89966909439998 -0.27173 4.515434 -0.146945 
81.02470671359998 -0.534858 1.397072 -1.997102 
81.14974433279998 1.496352 3.257804 -0.947964 
81.27478195199998 -0.685185 1.311285 -1.211015 
81.39981957119998 -2.933183 -1.309547 -0.156394 
81.52485719039998 2.655777 -1.610322 -1.592465 
81.64989480959999 -0.644132 0.064359 8.746252 
81.77493242879999 0.609522 3.202187 -0.657396 
81.89997004799999 -0.000222 -0.157145 0.01009 
82.02500766719997 -0.241737 -0.51735 3.025126 
82.15004528639997 0.910164 -1.66473 2.176121 
82.27508290559997 1.248372 0.006854 9.4481 
82.40012651519997 -2.130972 2.107509 2.609486 
82.52516413439999 1.885803 0.344803 -4.768075 
82.65020175359999 0.241572 -0.140364 -4.366807 
82.77523937279999 0.100856 0.663789 1.290508 
82.90027699199999 -0.548504 -0.399223 -4.601163 
83.02531461119997 1.169701 0.0028 -9.660533 
83.15035223039997 0.203029 0.163322 -5.289703 
83.27538984959997 -2.209824 2.678956 -0.73818 
83.40042746879998 0.084057 -0.197245 0.649947 
83.52546508799998 0.59345 -2.309636 -0.419191 
83.65050270719998 0.502236 -0.011008 -9.63347 
83.77554032639998 1.567057 2.40771 1.057373 
83.90057794559998 -1.590484 -1.87672 -2.375462 
84.02561556479998 -2.480019 -1.28228 2.265295 
84.15065318399998 0.83583 0.003259 3.111429 
84.27569679359998 -0.12029 -4.29895 -0.09876 
84.40073441279998 0.691024 1.321009 3.129704 
84.52577203199998 2.086998 2.438405 1.005345 
84.65080965119998 1.5179 -0.038735 8.870827 
84.77584727039998 0.694979 -0.651337 2.969142 
84.90088488959998 -0.244985 -0.492435 -1.441674 
85.02592250879998 1.381449 0.319784 3.14809 
85.15096012799998 -0.459048 -0.248156 6.291991 
85.27599774719998 -0.806994 -0.157334 8.138189 
85.40103536639998 1.002608 1.556291 2.066297 
85.52607298559998 -1.73818 -0.30304 -5.690713 
85.65111060479998 -0.094644 -1.836457 -0.452036 
85.77614822399998 3.534688 -0.517272 -3.637358 
85.90118584319997 -0.003576 0.892599 0.039023 
86.02622945279998 0.401963 -1.801681 -0.458551 
86.15126707199998 0.29809 -0.200386 1.302783 
86.27630469119998 -0.990597 0.095991 1.677946 
86.40134231039998 0.776494 -2.025684 1.8092 
86.52637992959998 -0.147015 0.039376 -6.686976 
86.65141754879998 0.023946 -0.69374 -0.064948 
86.77645516799998 -4.201223 0.164966 -3.946979 
86.90149278719997 0.209793 -0.319328 3.873351 
87.02653040639997 0.501305 -4.259907 -0.071421 
87.15156802559997 0.006011 -0.021544 2.179528 
87.27660564479997 -0.78474 -2.060351 1.91547 
87.40164326399997 0.223345 1.241594 -0.342026 
87.52668088319997 -0.621846 1.094246 -1.114375 
87.65171850239997 0.743488 -3.631182 -0.778054 
87.77676211199999 -1.625582 1.238823 -0.065462 
87.90179973119997 -1.215983 3.695488 0.170069 
88.02683735039997 0.17461 2.631396 -0.225933 
88.15187496959997 -0.998263 -0.412605 6.527785 
88.27691258879997 -1.272045 2.246217 1.512787 
88.40195020799997 3.926961 -0.986803 -0.886608 
88.52698782719997 2.548201 0.202172 -2.999678 
88.65202544639997 3.936538 -0.858004 -1.759237 
88.77706306559998 1.155603 1.443112 -2.015981 
88.90210068479998 1.180022 -2.30303 -0.892641 
89.02713830399998 -1.234313 -0.758209 4.388488 
89.15217592319998 -0.024946 0.082932 -1.180992 
89.27721354239998 -1.095142 1.523783 1.334298 
89.40225116159998 0.730938 0.453242 4.981413 
89.52728878079998 -1.954764 0.096895 8.688588 
89.65233239039998 3.478251 -0.574177 -2.012438 
89.77737000959998 2.595764 0.102775 -1.000394 
89.90240762879998 -1.622813 -0.053113 -0.650317 
90.02744524799998 -0.112355 4.399357 -0.090515 
90.15248286719998 -1.925892 2.670222 0.494747 
90.27752048639998 3.865365 -0.457618 -0.828079 
90.40255810559998 -2.803255 0.823165 4.522695 
90.52759572479998 -4.122784 0.876919 0.022165 
90.65263334399998 0.235043 -1.270551 -1.443471 
90.77767096319997 -0.167018 0.160224 -4.786299 
90.90270858239997 -1.075755 3.246999 -0.784604 
91.02774620159997 0.352787 1.89562 1.388045 
91.15278382079997 1.407452 1.373839 -4.063493 
91.27782143999997 -1.623119 -3.368213 -0.158122 
91.40286504959998 2.365709 -2.439711 1.336335 
91.52790266879998 1.762213 -2.084313 2.007347 
91.65294028799998 0.20868 -2.432734 -0.668034 
91.77797790719997 -2.473387 -0.457152 -1.698386 
91.90301552639997 -2.922524 0.536712 -2.384577 
92.02805314559997 -4.468378 -0.331062 -0.545215 
92.15309076479997 0.117972 0.140634 -3.721564 
92.27812838399997 2.186773 -0.072098 -1.989656 
92.40316600319997 0.320374 1.145065 1.635397 
92.52820362239997 1.998114 1.512317 3.586118 
92.65324124159997 -1.96228 -2.67844 -0.083172 
92.77827886079997 -4.144434 -0.657853 1.600428 
92.90331647999997 3.457665 0.600929 3.169695 
93.02835409919997 -1.749969 0.304625 2.06623 
93.15339770879997 -1.707402 1.938232 1.506616 
93.27843532799997 -0.032161 -0.4964 0.527458 
93.40347294719997 0.587787 4.121638 0.252286 
93.52851056639997 -0.154627 2.90722 -0.388415 
93.65354818559997 -0.963239 2.40088 1.984581 
93.77858580479997 -0.170689 -1.065879 -1.258965 
93.90362342399997 -1.834133 0.052552 -8.618513 
94.02866104319997 1.88552 -0.102039 -2.86629 
94.15369866239998 3.983706 -0.459574 3.836742 
94.27873628159998 0.125891 -1.808827 0.144375 
94.40377390079998 -0.268564 -4.695296 0.026595 
94.52881151999998 -0.319157 2.900859 -0.641571 
94.65384913919996 0.064985 -0.136694 3.217338 
94.77888675839998 2.926045 0.404905 5.329706 
94.90392437759998 -3.707897 1.115997 -1.491053 
95.02896798719998 2.021509 0.073583 -7.728913 
95.15400560639998 -3.3024 0.205472 -6.706147 
95.27904322559998 -0.894882 -2.414556 0.964357 
95.40408084479998 -0.078656 0.08397 -4.682371 
95.52911846399998 4.675362 0.077821 -3.052205 
95.65415608319996 -0.75857 -1.362602 -3.237077 
95.77919370239997 -1.436353 1.87819 1.013334 
95.90423731199996 -1.631359 -0.619217 -5.182108 
96.02928092159998 -1.335869 -2.322272 1.062382 
96.15432453119998 -2.701388 -1.372537 1.024503 
96.27936814079997 1.121353 2.440783 1.671937 
96.40441175039997 -1.066841 1.535958 -3.280396 
96.52945535999999 -2.067821 2.586375 -0.003794 
96.65449896959998 0.485232 -0.790055 0.063624 
96.77954257919997 -2.426125 -1.853122 -2.74492 
96.90458618879997 -1.847462 0.264382 6.67851 
97.02962979839997 -0.486509 0.098523 -0.708575 
97.15467340799998 -3.078085 -0.889718 4.233845 
97.27971701759998 2.919822 -0.056346 4.966947 
97.40476062719996 -1.318594 3.43696 0.744008 
97.52980423679996 -0.011618 0.055597 1.727851 
97.65484784639997 -4.41584 0.168923 3.837792 
97.77989145599997 -4.425706 0.013533 1.561797 
97.90493506559997 -0.506845 3.065463 -0.322642 
98.02997867519997 -2.570053 -1.481488 2.958159 
98.15502228479998 -0.068173 -3.699643 -0.118898 
98.28006589439998 1.752647 0.059212 -8.797681 
98.40510950399997 -0.008548 1.478332 0.05487 
98.53015311359997 0.954181 -2.376848 -2.118985 
98.65520271359996 0.0606 -1.039158 0.067073 
98.78024632319996 -2.149035 0.938155 5.27028 
98.90528993279997 -0.400288 0.08837 8.105567 
99.03033354239997 -0.64816 1.411872 -0.660043 
99.15537715199997 -1.070448 -0.594807 4.851946 
99.28042076159997 -0.852169 -0.980602 -3.286621 
99.40546437119998 -2.915365 -0.000959 6.365194 
99.53050798079998 -0.007578 -0.222803 0.224623 
99.65555159039997 0.406962 -2.869264 0.670892 
99.78059519999996 0.892513 -2.869626 1.550356 
99.90563880959998 0.362484 -1.175242 -0.358084 
100.03068241919998 -0.276263 1.110802 -0.449872 
